515e9e8244ae02e0dfb2796f,2013-04-05,411,242,382,419,435,143,406,395,355,227,408,107,126,195,184,459,217,56,449,6,229,220,447,149
515e9e8244ae02e0dfb2796f,2013-03-10,305,461,386,490,467,33,195,232,229,398,396,18,412,269,30,167,352,61,110,403,352,33,478,80
515e9e8244ae02e0dfb2796f,2013-04-06,375,339,150,234,370,281,12,339,173,335,389,176,375,371,493,234,460,386,322,281,34,60,398,161
515e9e8244ae02e0dfb2796f,2013-04-01,63,117,443,281,430,108,74,38,139,17,56,318,306,355,147,163,149,10,210,387,352,73,77,273
515e9e8244ae02e0dfb2796f,2013-03-10,408,336,394,109,213,5,137,322,23,288,54,10,9,125,473,337,441,204,263,316,212,432,126,282
515e9e8244ae02e0dfb2796f,2013-04-03,387,149,428,256,111,164,59,178,271,65,301,392,44,324,366,30,259,462,162,90,47,224,170,186
515e9e8244ae02e0dfb2796f,2013-03-24,81,251,114,339,470,58,357,436,65,185,1,491,153,15,160,324,127,333,167,299,227,284,209,75
515e9e8244ae02e0dfb2796f,2013-03-28,375,197,310,164,137,313,382,463,4,459,15,71,387,338,98,462,417,150,454,368,431,350,461,447
515e9e8244ae02e0dfb2796f,2013-03-17,299,246,76,480,329,202,329,83,285,129,184,359,42,179,498,21,174,57,394,427,21,295,441,99
515e9e8244ae02e0dfb2796f,2013-03-18,159,413,64,498,51,222,141,122,443,225,193,161,54,37,340,222,137,84,76,104,31,219,252,103
515e9e8244ae02e0dfb2796f,2013-03-16,394,258,60,216,262,491,405,334,141,186,211,166,84,10,225,412,49,60,294,69,32,497,488,77
515e9e8244ae02e0dfb2796f,2013-04-04,396,187,447,259,68,486,136,287,225,324,277,57,350,31,100,284,320,411,306,45,86,448,5,260
515e9e8244ae02e0dfb2796f,2013-03-21,179,321,291,226,339,129,306,206,461,64,213,197,174,66,194,316,63,401,209,334,180,368,80,203
515e9e8244ae02e0dfb2796f,2013-03-26,239,64,409,216,357,319,167,21,303,6,371,259,242,71,315,187,429,255,171,445,33,405,51,289
515e9e8244ae02e0dfb2796f,2013-03-20,171,453,144,295,63,439,481,189,363,143,487,392,365,91,324,12,53,396,360,112,108,162,219,1
515e9e8244ae02e0dfb2796f,2013-03-09,395,46,89,362,37,37,75,187,462,263,308,392,195,79,380,392,465,395,167,66,444,39,190,335
