5152fc1f44aecd3f3585e1a4,2013-03-14,1,446,408,489,68,459,319,229,399,477,71,80,179,121,5,97,315,291,280,393,315,424,177,202
5152fc1f44aecd3f3585e1a4,2013-03-13,95,223,78,182,237,183,109,267,200,445,376,137,87,185,426,219,348,348,361,260,173,358,106,361
5152fc1f44aecd3f3585e1a4,2013-03-23,497,467,84,426,209,486,82,410,360,222,384,431,217,337,278,98,80,317,414,433,92,21,275,33
5152fc1f44aecd3f3585e1a4,2013-03-22,257,180,254,61,123,109,328,312,460,137,316,20,249,387,357,479,187,267,109,294,215,185,348,202
5152fc1f44aecd3f3585e1a4,2013-03-22,181,307,208,246,373,351,494,243,100,13,451,106,368,123,178,489,244,200,114,21,80,252,451,440
5152fc1f44aecd3f3585e1a4,2013-04-06,15,120,337,36,287,411,271,195,238,217,229,229,451,203,388,88,406,338,360,181,403,222,337,323
5152fc1f44aecd3f3585e1a4,2013-04-04,204,456,44,265,189,289,493,104,267,388,444,186,334,301,97,422,276,222,418,116,347,456,252,325
5152fc1f44aecd3f3585e1a4,2013-04-03,89,240,414,246,496,103,385,420,92,367,22,384,200,414,209,325,272,92,470,300,488,293,211,75
5152fc1f44aecd3f3585e1a4,2013-04-03,280,14,51,482,348,365,472,450,142,219,239,24,252,149,328,12,21,250,41,286,153,254,196,154
5152fc1f44aecd3f3585e1a4,2013-03-29,17,361,312,324,460,380,475,436,5,58,462,408,355,262,293,314,334,101,222,386,228,58,143,143
5152fc1f44aecd3f3585e1a4,2013-04-05,48,153,359,310,110,396,373,357,208,118,238,246,430,74,125,278,90,69,436,375,78,259,105,327
5152fc1f44aecd3f3585e1a4,2013-04-04,461,165,211,264,27,345,425,41,297,294,187,69,283,375,297,498,262,334,257,93,207,200,211,288
5152fc1f44aecd3f3585e1a4,2013-03-09,68,241,193,117,466,251,250,238,337,403,361,27,125,247,271,386,199,3,88,472,409,354,67,167
5152fc1f44aecd3f3585e1a4,2013-03-30,349,313,87,420,403,143,167,59,369,449,97,225,209,365,204,93,187,441,495,318,372,211,294,18
5152fc1f44aecd3f3585e1a4,2013-03-25,415,17,31,63,498,201,29,18,286,264,289,211,237,125,443,306,356,368,435,386,141,124,115,358
5152fc1f44aecd3f3585e1a4,2013-04-04,434,481,133,140,388,23,99,38,452,57,144,48,293,250,499,80,303,180,397,383,330,46,53,141
